Date,Open,High,Low,Close,Adj Close,Volume
2023-04-24,165.0,165.60000610351562,163.88999938964844,165.3300018310547,165.3300018310547,41949600
2023-04-25,165.19000244140625,166.30999755859375,163.72999572753906,163.77000427246094,163.77000427246094,48714100
2023-04-26,163.05999755859375,165.27999877929688,162.8000030517578,163.75999450683594,163.75999450683594,45498800
2023-04-27,165.19000244140625,168.55999755859375,165.19000244140625,168.41000366210938,168.41000366210938,64902300
2023-04-28,168.49000549316406,169.85000610351562,167.8800048828125,169.67999267578125,169.67999267578125,55209200
2023-05-01,169.27999877929688,170.4499969482422,168.63999938964844,169.58999633789062,169.58999633789062,52472900
2023-05-02,170.08999633789062,170.35000610351562,167.5399932861328,168.5399932861328,168.5399932861328,48425700
2023-05-03,169.5,170.9199981689453,167.16000366210938,167.4499969482422,167.4499969482422,65136000
2023-05-04,164.88999938964844,167.0399932861328,164.30999755859375,165.7899932861328,165.7899932861328,81235400
2023-05-05,170.97999572753906,174.3000030517578,170.75999450683594,173.57000732421875,173.57000732421875,113316400
